 2.29265579e+000 1.75241862e+000
 -1.30965857e+000 2.41598305e+000
 3.87448511e-001 1.33529781e+000
 1.15634011e+000 1.36684401e+000
 -7.56997275e-001 4.23166579e-001
 1.45818768e+000 1.02781788e+000
 -2.04989930e+000 -1.12813313e+000
 3.92264824e-002 3.96375302e-001
 3.45884572e-002 1.18841784e+000
 7.20212604e-001 4.30941907e-001
 3.58668739e-002 1.47047072e+000
 1.97672456e+000 1.51708210e-001
 1.02684725e+000 -4.27949306e-001
 -1.15837268e-001 2.30350234e+000
 -1.34977586e+000 1.49358412e-001
 -2.74276513e-002 -1.31738490e+000
 -4.39222672e-001 2.18821039e+000
 -9.15537197e-001 -4.86696578e-001
 2.81913830e-001 4.42309411e-001
 -2.41353153e-001 -6.95368649e-001
 1.05602491e+000 3.14802549e-001
 1.61428379e+000 3.87756406e-001
 2.60760190e-001 -1.04477514e+000
 -1.03631208e+000 -7.74177854e-001
 6.39229360e-001 -2.19784218e-001
 -2.43334598e-001 -3.43976314e-001
 -1.30682185e-001 1.39632647e+000
 2.37305256e-001 1.89546751e+000
 3.86530568e-002 1.65476978e+000
 1.07364789e-002 6.70854850e-001
 1.45261017e+000 -7.22918089e-001
 8.26263567e-001 9.95828680e-002
 -1.35896327e-001 -2.64601595e+000
 -1.60896102e+000 -1.20352119e+000
 -1.40090151e+000 1.25506178e+000
 1.26613115e+000 1.63500131e+000
 1.20298039e+000 -8.74744966e-002
 3.65565636e-001 -2.19401874e+000
 8.69022217e-001 -4.04910469e-001
 -2.82358607e-001 -1.09504050e+000
 8.30759373e-002 1.69721909e-001
 -1.12793205e-001 -5.94852918e-001
 3.96331414e-001 1.27871641e+000
 1.42151466e+000 -2.84700190e-002
 1.50963981e-001 -6.41691422e-001
 -1.49807751e+000 -1.11529205e+000
 -5.96637532e-001 -6.01473152e-001
 3.77055889e-002 -1.56960912e+000
 -3.22793630e-001 7.77654070e-001
 -8.66540056e-001 1.93259079e+000
 -2.85595301e-001 2.49545647e-001
